1.9921875000 0.0078125000
1.9921875000 0.0234375000
0.0078125000 -2.0078125000
-2.0078125000 0.0078125000
1.9921875000 0.0390625000
1.9921875000 0.0546875000
0.0078125000 -1.9921875000
0.0234375000 -1.9921875000
1.9921875000 0.0703125000
1.9921875000 0.0859375000
0.0390625000 -1.9921875000
0.0546875000 -1.9921875000
1.5078125000 -1.3203125000
-1.5078125000 -1.3203125000
1.9921875000 0.1015625000
1.4921875000 1.3203125000
1.4765625000 1.3359375000
1.4921875000 1.3359375000
1.9921875000 0.1171875000
1.5078125000 -1.3046875000
1.5234375000 -1.3046875000
1.4609375000 1.3515625000
-1.9921875000 0.0078125000
1.4453125000 1.3671875000
0.0703125000 -1.9921875000
1.4609375000 1.3671875000
-1.5390625000 -1.2890625000
0.0859375000 -1.9921875000
1.4765625000 1.3515625000
1.5234375000 -1.2890625000
-1.5234375000 -1.3046875000
-1.9921875000 0.0234375000
-1.5078125000 -1.3046875000
-1.5234375000 -1.2890625000
-1.5546875000 -1.2734375000
-1.5390625000 -1.2734375000
-1.5546875000 -1.2578125000
0.1015625000 -1.9921875000
1.5390625000 -1.2890625000
0.1171875000 -1.9921875000
-1.9921875000 0.0390625000
1.9921875000 0.1328125000
1.9921875000 0.1484375000
-1.9921875000 0.0546875000
1.5390625000 -1.2734375000
1.5546875000 -1.2734375000
1.5546875000 -1.2578125000
1.9921875000 0.1640625000
-1.9921875000 0.0703125000
1.9921875000 0.1796875000
-1.9921875000 0.0859375000
-1.3203125000 -1.5078125000
1.3671875000 1.4453125000
0.1328125000 -1.9921875000
0.1484375000 -1.9921875000
1.3515625000 1.4609375000
1.3671875000 1.4609375000
1.3359375000 1.4765625000
1.3203125000 1.4921875000
-1.9921875000 0.1015625000
-1.4921875000 1.3203125000
1.3359375000 1.4921875000
0.1640625000 -1.9921875000
1.9921875000 0.1953125000
1.3515625000 1.4765625000
-1.6328125000 -1.1640625000
0.1796875000 -1.9921875000
-1.9921875000 0.1171875000
1.5546875000 -1.2421875000
1.9921875000 0.2109375000
-1.6484375000 -1.1484375000
-1.4921875000 1.3359375000
-1.6328125000 -1.1484375000
-1.6484375000 -1.1328125000
-1.4765625000 1.3359375000
-1.2890625000 -1.5390625000
-1.2734375000 -1.5546875000
-1.2578125000 -1.5546875000
-1.2734375000 -1.5390625000
1.9921875000 0.2265625000
1.9765625000 0.2421875000
1.9921875000 0.2421875000
-1.3046875000 -1.5234375000
-1.2890625000 -1.5234375000
-1.4765625000 1.3515625000
-1.3046875000 -1.5078125000
-1.5703125000 -1.2421875000
0.1953125000 -1.9921875000
0.2109375000 -1.9921875000
-1.5859375000 -1.2265625000
-1.5703125000 -1.2265625000
-1.9921875000 0.1328125000
1.5703125000 -1.2421875000
1.4296875000 1.3828125000
-1.6015625000 -1.2109375000
-1.9921875000 0.1484375000
1.5703125000 -1.2265625000
1.4296875000 1.3984375000
1.5859375000 -1.2265625000
-1.6015625000 -1.1953125000
0.2265625000 -1.9921875000
-1.5859375000 -1.2109375000
0.2421875000 -1.9921875000
-1.4609375000 1.3515625000
0.2421875000 -1.9765625000
-1.9921875000 0.1640625000
1.3828125000 1.4296875000
1.9765625000 0.2578125000
1.3984375000 1.4296875000
1.5859375000 -1.2109375000
1.4140625000 1.4140625000
1.4296875000 1.4140625000
-1.4609375000 1.3671875000
-1.9921875000 0.1796875000
1.9765625000 0.2734375000
1.4140625000 1.4296875000
-1.4453125000 1.3671875000
-1.5546875000 -1.2421875000
1.6015625000 -1.2109375000
1.4453125000 1.3828125000
1.9765625000 0.2890625000
1.6015625000 -1.1953125000
1.9765625000 0.3046875000
-1.9921875000 0.1953125000
-1.9921875000 0.2109375000
-1.6171875000 -1.1796875000
-1.6015625000 -1.1796875000
1.6015625000 -1.1796875000
-1.6171875000 -1.1640625000
1.6171875000 -1.1796875000
1.9765625000 0.3203125000
0.2578125000 -1.9765625000
-1.9921875000 0.2265625000
1.6171875000 -1.1640625000
0.2734375000 -1.9765625000
1.3828125000 1.4453125000
1.9765625000 0.3359375000
-1.9921875000 0.2421875000
-1.4453125000 1.3828125000
-1.9765625000 0.2421875000
-1.1640625000 -1.6328125000
0.2890625000 -1.9765625000
0.3046875000 -1.9765625000
-1.1484375000 -1.6484375000
-1.1328125000 -1.6484375000
1.9609375000 0.3515625000
-1.1484375000 -1.6328125000
1.9609375000 0.3671875000
1.9765625000 0.3515625000
0.3203125000 -1.9765625000
1.6328125000 -1.1640625000
0.3359375000 -1.9765625000
-1.4296875000 1.3828125000
-1.9765625000 0.2578125000
-1.6953125000 -1.0703125000
-1.9765625000 0.2734375000
-1.4296875000 1.3984375000
1.6328125000 -1.1484375000
0.3515625000 -1.9765625000
1.6484375000 -1.1484375000
1.6484375000 -1.1328125000
-1.6640625000 -1.1171875000
-1.6796875000 -1.1015625000
-1.6640625000 -1.1015625000
-1.9765625000 0.2890625000
1.9609375000 0.3828125000
-1.6484375000 -1.1171875000
0.3515625000 -1.9609375000
0.3671875000 -1.9609375000
-1.4296875000 1.4140625000
-1.0703125000 -1.6953125000
-1.9765625000 0.3046875000
-1.4140625000 1.4140625000
1.9609375000 0.3984375000
-1.4140625000 1.4296875000
-1.6796875000 -1.0859375000
1.9609375000 0.4140625000
1.9453125000 0.4296875000
1.9609375000 0.4296875000
-1.6796875000 -1.0703125000
1.6484375000 -1.1171875000
-1.9765625000 0.3203125000
-1.9765625000 0.3359375000
0.0078125000 1.9921875000
-1.0234375000 -1.7265625000
0.0234375000 1.9921875000
-1.0078125000 -1.7265625000
-1.3984375000 1.4296875000
-1.0546875000 -1.7109375000
-1.3828125000 1.4296875000
-1.0390625000 -1.7109375000
1.6640625000 -1.1171875000
-1.0546875000 -1.6953125000
0.3828125000 -1.9609375000
-1.9765625000 0.3515625000
0.3984375000 -1.9609375000
0.0390625000 1.9921875000
-1.7109375000 -1.0546875000
1.6640625000 -1.1015625000
-1.6953125000 -1.0546875000
0.0546875000 1.9921875000
-1.7109375000 -1.0390625000
1.6796875000 -1.1015625000
-1.0234375000 -1.7109375000
-1.9609375000 0.3515625000
0.4140625000 -1.9609375000
0.4296875000 -1.9609375000
1.6796875000 -1.0859375000
-1.9609375000 0.3671875000
-1.7265625000 -1.0234375000
1.9296875000 0.4921875000
0.4296875000 -1.9453125000
-1.7265625000 -1.0078125000
1.6796875000 -1.0703125000
-1.7109375000 -1.0234375000
1.9453125000 0.4453125000
-1.3828125000 1.4453125000
0.0703125000 1.9921875000
0.0859375000 1.9921875000
1.9453125000 0.4609375000
-1.1015625000 -1.6796875000
0.1015625000 1.9921875000
-1.1171875000 -1.6640625000
-1.9609375000 0.3828125000
0.1171875000 1.9921875000
0.4453125000 -1.9453125000
1.9453125000 0.4765625000
-1.1015625000 -1.6640625000
0.4609375000 -1.9453125000
1.6953125000 -1.0703125000
-1.0859375000 -1.6796875000
-1.0703125000 -1.6796875000
-1.9609375000 0.3984375000
1.9453125000 0.4921875000
0.4765625000 -1.9453125000
0.4921875000 -1.9453125000
-1.9609375000 0.4140625000
-1.1171875000 -1.6484375000
1.6953125000 -1.0546875000
1.7109375000 -1.0546875000
-1.9609375000 0.4296875000
-1.9453125000 0.4296875000
1.7109375000 -1.0390625000
0.4921875000 -1.9296875000
0.1328125000 1.9921875000
0.1484375000 1.9921875000
-1.3671875000 1.4453125000
1.7109375000 -1.0234375000
-1.9453125000 0.4453125000
0.1640625000 1.9921875000
0.1796875000 1.9921875000
-1.3671875000 1.4609375000
-1.3515625000 1.4609375000
1.9296875000 0.5078125000
-1.9453125000 0.4609375000
1.7265625000 -1.0234375000
1.9296875000 0.5234375000
1.7265625000 -1.0078125000
-1.9453125000 0.4765625000
-1.3515625000 1.4765625000
1.9296875000 0.5390625000
-1.9453125000 0.4921875000
1.9140625000 0.5546875000
0.1953125000 1.9921875000
1.9296875000 0.5546875000
0.2109375000 1.9921875000
-1.2109375000 -1.6015625000
-1.1953125000 -1.6015625000
-2.0078125000 -0.0078125000
-1.3359375000 1.4765625000
0.2421875000 1.9765625000
0.2265625000 1.9921875000
-1.2265625000 -1.5859375000
0.2421875000 1.9921875000
-1.2421875000 -1.5703125000
1.9140625000 0.5703125000
-1.2265625000 -1.5703125000
-1.3359375000 1.4921875000
-1.3203125000 1.4921875000
-1.2109375000 -1.5859375000
1.9140625000 0.5859375000
-1.9296875000 0.4921875000
1.7265625000 -0.9921875000
1.7421875000 -0.9921875000
1.8984375000 0.6015625000
1.7421875000 -0.9765625000
-1.1796875000 -1.6171875000
0.5078125000 -1.9296875000
1.8984375000 0.6171875000
-1.1640625000 -1.6171875000
0.5234375000 -1.9296875000
-1.1796875000 -1.6015625000
1.9140625000 0.6015625000
1.7421875000 -0.9609375000
-1.7578125000 -0.9609375000
-1.7734375000 -0.9453125000
-1.7578125000 -0.9453125000
0.5390625000 -1.9296875000
0.2578125000 1.9765625000
0.2734375000 1.9765625000
0.5546875000 -1.9296875000
0.5546875000 -1.9140625000
-1.2421875000 -1.5546875000
0.2890625000 1.9765625000
0.3046875000 1.9765625000
-1.7890625000 -0.9140625000
-1.9296875000 0.5078125000
-1.7734375000 -0.9296875000
-1.7734375000 -0.9140625000
-1.9296875000 0.5234375000
0.5703125000 -1.9140625000
0.5859375000 -1.9140625000
-1.7890625000 -0.8984375000
1.7578125000 -0.9609375000
-1.8046875000 -0.8828125000
-1.9296875000 0.5390625000
-1.7890625000 -0.8828125000
-1.3203125000 1.5078125000
1.8671875000 0.6953125000
1.7578125000 -0.9453125000
1.7734375000 -0.9453125000
0.6015625000 -1.9140625000
0.3515625000 1.9609375000
0.3671875000 1.9609375000
-1.9296875000 0.5546875000
-1.9140625000 0.5546875000
0.3203125000 1.9765625000
0.3359375000 1.9765625000
1.8671875000 0.7109375000
0.6015625000 -1.8984375000
0.6171875000 -1.8984375000
0.3515625000 1.9765625000
1.8671875000 0.7265625000
1.8515625000 0.7421875000
1.7734375000 -0.9296875000
1.8671875000 0.7421875000
-1.9140625000 0.5703125000
1.7734375000 -0.9140625000
-1.9140625000 0.5859375000
-1.8203125000 -0.8515625000
1.8984375000 0.6328125000
-1.3046875000 1.5078125000
1.8828125000 0.6484375000
1.8984375000 0.6484375000
1.7890625000 -0.9140625000
-1.3046875000 1.5234375000
-1.2890625000 1.5234375000
-1.9140625000 0.6015625000
-1.8203125000 -0.8359375000
1.8828125000 0.6640625000
-1.8203125000 -0.8203125000
1.8828125000 0.6796875000
1.7890625000 -0.8984375000
-1.8046875000 -0.8671875000
0.6328125000 -1.8984375000
0.6484375000 -1.8984375000
-1.8984375000 0.6015625000
-1.2890625000 1.5390625000
1.7890625000 -0.8828125000
-1.8046875000 -0.8515625000
1.8046875000 -0.8828125000
0.6484375000 -1.8828125000
-1.8984375000 0.6171875000
0.4921875000 1.9296875000
1.8828125000 0.6953125000
-1.2734375000 1.5390625000
0.6640625000 -1.8828125000
0.6796875000 -1.8828125000
-0.9453125000 -1.7734375000
-0.9609375000 -1.7578125000
-1.2734375000 1.5546875000
-1.2578125000 1.5546875000
-0.9453125000 -1.7578125000
0.3828125000 1.9609375000
0.3984375000 1.9609375000
-1.8359375000 -0.8046875000
-1.8203125000 -0.8046875000
-1.8984375000 0.6328125000
-1.8359375000 -0.7890625000
1.8046875000 -0.8671875000
0.4296875000 1.9453125000
0.4140625000 1.9609375000
-1.8984375000 0.6484375000
0.4296875000 1.9609375000
-1.8828125000 0.6484375000
1.8046875000 -0.8515625000
-1.8515625000 -0.7734375000
-0.9140625000 -1.7890625000
0.6953125000 -1.8828125000
-1.8515625000 -0.7578125000
-1.8359375000 -0.7734375000
0.4453125000 1.9453125000
0.4609375000 1.9453125000
-0.8828125000 -1.8046875000
-0.8984375000 -1.7890625000
-1.8828125000 0.6640625000
-0.8828125000 -1.7890625000
-0.9296875000 -1.7734375000
-0.9140625000 -1.7734375000
1.8203125000 -0.8515625000
0.4765625000 1.9453125000
0.4921875000 1.9453125000
0.6953125000 -1.8671875000
-1.8828125000 0.6796875000
0.7109375000 -1.8671875000
-1.7421875000 -0.9921875000
1.8203125000 -0.8359375000
-1.7265625000 -0.9921875000
-1.7421875000 -0.9765625000
-1.2421875000 1.5546875000
1.8203125000 -0.8203125000
0.7265625000 -1.8671875000
0.7421875000 -1.8671875000
-1.8828125000 0.6953125000
0.0078125000 2.0078125000
-1.7421875000 -0.9609375000
0.7421875000 -1.8515625000
1.8203125000 -0.8046875000
-1.2421875000 1.5703125000
1.8359375000 -0.8046875000
-1.2265625000 1.5703125000
-1.2265625000 1.5859375000
-0.8515625000 -1.8203125000
1.8359375000 -0.7890625000
1.7421875000 0.9609375000
-0.8359375000 -1.8203125000
-0.8203125000 -1.8203125000
1.7421875000 0.9765625000
1.8359375000 -0.7734375000
1.7265625000 0.9921875000
-1.2109375000 1.5859375000
1.7421875000 0.9921875000
-1.8671875000 0.6953125000
-1.8671875000 0.7109375000
1.8515625000 -0.7734375000
-1.2109375000 1.6015625000
-1.1953125000 1.6015625000
-0.7734375000 -1.8515625000
-0.7578125000 -1.8515625000
0.7578125000 -1.8515625000
1.8515625000 -0.7578125000
0.7734375000 -1.8515625000
-0.8046875000 -1.8359375000
-0.7890625000 -1.8359375000
-0.8046875000 -1.8203125000
-1.8671875000 0.7265625000
-1.8671875000 0.7421875000
-1.8515625000 0.7421875000
1.8359375000 0.7734375000
-0.7734375000 -1.8359375000
1.8515625000 0.7578125000
0.7734375000 -1.8359375000
1.8515625000 0.7734375000
-1.1796875000 1.6015625000
0.7890625000 -1.8359375000
-1.1796875000 1.6171875000
0.8046875000 -1.8359375000
-1.1640625000 1.6171875000
-0.8671875000 -1.8046875000
-0.8515625000 -1.8046875000
1.8359375000 0.7890625000
-1.8828125000 -0.6953125000
1.8203125000 0.8046875000
0.8046875000 -1.8203125000
1.8359375000 0.8046875000
-1.8515625000 0.7578125000
-1.8515625000 0.7734375000
1.9296875000 -0.4921875000
-1.8828125000 -0.6796875000
-1.8828125000 -0.6640625000
-1.1640625000 1.6328125000
0.8203125000 -1.8203125000
0.8359375000 -1.8203125000
-1.8984375000 -0.6484375000
-1.8359375000 0.7734375000
1.8046875000 0.8515625000
-1.8828125000 -0.6484375000
-1.8984375000 -0.6328125000
1.8046875000 0.8671875000
0.8515625000 -1.8203125000
-1.1484375000 1.6328125000
1.8203125000 0.8203125000
-1.8359375000 0.7890625000
1.9453125000 -0.4921875000
-1.8671875000 -0.7421875000
-1.8515625000 -0.7421875000
-1.8671875000 -0.7265625000
1.8203125000 0.8359375000
-1.8359375000 0.8046875000
-1.8203125000 0.8046875000
1.9453125000 -0.4765625000
-1.1484375000 1.6484375000
-1.1328125000 1.6484375000
-1.8671875000 -0.7109375000
0.8515625000 -1.8046875000
0.8671875000 -1.8046875000
1.8203125000 0.8515625000
-1.8671875000 -0.6953125000
1.9453125000 -0.4609375000
-1.8203125000 0.8203125000
0.9609375000 1.7421875000
1.9453125000 -0.4453125000
-1.8203125000 0.8359375000
-0.6953125000 -1.8828125000
0.9921875000 1.7265625000
0.9765625000 1.7421875000
0.9921875000 1.7421875000
-1.8203125000 0.8515625000
1.9453125000 -0.4296875000
1.9609375000 -0.4296875000
-1.1171875000 1.6484375000
0.8828125000 -1.8046875000
1.9609375000 -0.4140625000
1.7890625000 0.8828125000
1.8046875000 0.8828125000
0.8828125000 -1.7890625000
-0.6796875000 -1.8828125000
1.7890625000 0.8984375000
-0.6640625000 -1.8828125000
0.8984375000 -1.7890625000
-1.1171875000 1.6640625000
-0.6484375000 -1.8984375000
-1.1015625000 1.6640625000
-0.6328125000 -1.8984375000
-0.6484375000 -1.8828125000
1.9609375000 -0.3984375000
-1.1015625000 1.6796875000
-1.9140625000 -0.6015625000
1.9609375000 -0.3828125000
-1.8984375000 -0.6171875000
-1.8046875000 0.8515625000
1.7734375000 0.9140625000
0.9140625000 -1.7890625000
-1.8984375000 -0.6015625000
-1.8046875000 0.8671875000
1.7734375000 0.9296875000
1.7890625000 0.9140625000
-1.0859375000 1.6796875000
-1.0703125000 1.6796875000
0.9140625000 -1.7734375000
0.9296875000 -1.7734375000
0.6953125000 1.8671875000
0.7109375000 1.8671875000
-1.9140625000 -0.5859375000
-1.9140625000 -0.5703125000
1.9609375000 -0.3671875000
0.7421875000 1.8515625000
-0.6015625000 -1.9140625000
0.7265625000 1.8671875000
0.7421875000 1.8671875000
1.9609375000 -0.3515625000
-1.0703125000 1.6953125000
-1.8046875000 0.8828125000
-1.7890625000 0.8828125000
1.7578125000 0.9453125000
-1.9296875000 -0.5546875000
1.7734375000 0.9453125000
1.7578125000 0.9609375000
-1.9140625000 -0.5546875000
-1.9296875000 -0.5390625000
-0.5859375000 -1.9140625000
0.9453125000 -1.7734375000
-1.7890625000 0.8984375000
-0.5703125000 -1.9140625000
-0.6171875000 -1.8984375000
-0.6015625000 -1.8984375000
-1.9296875000 -0.5234375000
1.9765625000 -0.3515625000
2.0078125000 0.0078125000
-1.7890625000 0.9140625000
-1.9296875000 -0.5078125000
-1.0546875000 1.6953125000
-1.0546875000 1.7109375000
-1.7734375000 0.9140625000
-1.0390625000 1.7109375000
1.9765625000 -0.3359375000
-1.7734375000 0.9296875000
1.9765625000 -0.3203125000
-0.5546875000 -1.9296875000
-0.5390625000 -1.9296875000
-0.5546875000 -1.9140625000
0.5078125000 1.9296875000
-1.0234375000 1.7109375000
0.5234375000 1.9296875000
0.5546875000 1.9140625000
0.5390625000 1.9296875000
0.5546875000 1.9296875000
-1.7734375000 0.9453125000
-1.0234375000 1.7265625000
-1.7578125000 0.9453125000
-1.0078125000 1.7265625000
-1.9453125000 -0.4921875000
-1.7578125000 0.9609375000
1.9765625000 -0.3046875000
-1.9453125000 -0.4765625000
-0.5234375000 -1.9296875000
-0.5078125000 -1.9296875000
1.9765625000 -0.2890625000
1.7109375000 1.0234375000
0.6015625000 1.8984375000
0.6171875000 1.8984375000
0.5703125000 1.9140625000
1.7265625000 1.0078125000
-1.9453125000 -0.4609375000
0.5859375000 1.9140625000
-1.3828125000 -1.4453125000
1.7265625000 1.0234375000
-1.9453125000 -0.4453125000
1.9765625000 -0.2734375000
-1.9296875000 -0.4921875000
0.9453125000 -1.7578125000
0.9609375000 -1.7578125000
1.7109375000 1.0390625000
0.6015625000 1.9140625000
1.6953125000 1.0546875000
-0.7421875000 -1.8671875000
1.7109375000 1.0546875000
-0.7265625000 -1.8671875000
-0.7421875000 -1.8515625000
1.9765625000 -0.2578125000
-0.7109375000 -1.8671875000
-1.7421875000 0.9609375000
-0.6953125000 -1.8671875000
-1.4453125000 -1.3828125000
1.6796875000 1.0703125000
-1.7421875000 0.9765625000
0.9609375000 -1.7421875000
1.6796875000 1.0859375000
-1.9609375000 -0.4296875000
-1.4140625000 -1.4296875000
-1.9453125000 -0.4296875000
-1.7421875000 0.9921875000
-1.4296875000 -1.4140625000
2.0078125000 -0.0078125000
-1.9609375000 -0.4140625000
-1.4140625000 -1.4140625000
-1.7265625000 0.9921875000
-1.3984375000 -1.4296875000
-1.3828125000 -1.4296875000
1.9765625000 -0.2421875000
0.6484375000 1.8828125000
0.6328125000 1.8984375000
-0.9921875000 1.7265625000
1.9921875000 -0.2421875000
0.6484375000 1.8984375000
-1.9609375000 -0.3984375000
0.6640625000 1.8828125000
0.6796875000 1.8828125000
-0.9921875000 1.7421875000
-0.9765625000 1.7421875000
1.9921875000 -0.2265625000
1.6484375000 1.1171875000
-1.4296875000 -1.3984375000
1.6640625000 1.1015625000
-1.9609375000 -0.3828125000
1.6796875000 1.1015625000
1.6640625000 1.1171875000
-1.4296875000 -1.3828125000
-0.9609375000 1.7421875000
1.6953125000 1.0703125000
1.9921875000 -0.2109375000
1.9921875000 -0.1953125000
-1.7265625000 1.0078125000
-0.9921875000 -1.7421875000
0.6953125000 1.8828125000
-0.9765625000 -1.7421875000
-0.9921875000 -1.7265625000
0.9765625000 -1.7421875000
0.9921875000 -1.7421875000
-1.7265625000 1.0234375000
-1.9765625000 -0.3515625000
0.9921875000 -1.7265625000
-0.9609375000 -1.7421875000
-1.9609375000 -0.3671875000
1.9921875000 -0.1796875000
-1.3515625000 -1.4765625000
-1.7109375000 1.0234375000
-1.9609375000 -0.3515625000
-1.3359375000 -1.4921875000
-1.3203125000 -1.4921875000
1.9921875000 -0.1640625000
-0.9609375000 1.7578125000
-1.3359375000 -1.4765625000
-0.9453125000 1.7578125000
-1.7109375000 1.0390625000
-1.9765625000 -0.3359375000
-1.3671875000 -1.4609375000
-1.3515625000 -1.4609375000
-0.9453125000 1.7734375000
-1.3671875000 -1.4453125000
1.9921875000 -0.1484375000
-1.7109375000 1.0546875000
-1.9765625000 -0.3203125000
-1.6953125000 1.0546875000
1.9921875000 -0.1328125000
1.6171875000 1.1640625000
1.6015625000 1.1796875000
-1.9765625000 -0.3046875000
1.6171875000 1.1796875000
-1.6953125000 1.0703125000
-1.9765625000 -0.2890625000
-0.9296875000 1.7734375000
-0.9140625000 1.7734375000
1.9921875000 -0.1171875000
-1.9765625000 -0.2734375000
1.9921875000 -0.1015625000
-0.9140625000 1.7890625000
-1.9765625000 -0.2578125000
-1.6796875000 1.0703125000
-1.4765625000 -1.3515625000
-1.6796875000 1.0859375000
-1.4609375000 -1.3671875000
-1.4453125000 -1.3671875000
-0.8984375000 1.7890625000
-1.4609375000 -1.3515625000
1.9921875000 -0.0859375000
-0.8828125000 1.7890625000
1.5546875000 1.2421875000
1.9921875000 -0.0703125000
-1.6796875000 1.1015625000
-0.8828125000 1.8046875000
0.8515625000 1.8046875000
-1.6640625000 1.1015625000
-1.4921875000 -1.3359375000
0.8671875000 1.8046875000
-1.4765625000 -1.3359375000
-1.4921875000 -1.3203125000
-1.9921875000 -0.2421875000
-1.9765625000 -0.2421875000
-1.9921875000 -0.2265625000
-1.6640625000 1.1171875000
1.0078125000 -1.7265625000
1.0234375000 -1.7265625000
1.5859375000 1.2109375000
1.9921875000 -0.0546875000
-1.6484375000 1.1171875000
-1.9921875000 -0.2109375000
1.6015625000 1.1953125000
-1.9921875000 -0.1953125000
1.9921875000 -0.0390625000
1.6015625000 1.2109375000
1.0234375000 -1.7109375000
0.7734375000 1.8359375000
1.5703125000 1.2265625000
1.5859375000 1.2265625000
1.9921875000 -0.0234375000
1.5703125000 1.2421875000
1.0390625000 -1.7109375000
1.0546875000 -1.7109375000
0.8046875000 1.8203125000
-1.9921875000 -0.1796875000
0.7890625000 1.8359375000
0.8046875000 1.8359375000
1.9921875000 -0.0078125000
-0.8671875000 1.8046875000
-0.8515625000 1.8046875000
0.7578125000 1.8515625000
0.7734375000 1.8515625000
-1.6484375000 1.1328125000
1.0546875000 -1.6953125000
-1.9921875000 -0.1640625000
-1.6484375000 1.1484375000
-1.6328125000 1.1484375000
-1.9921875000 -0.1484375000
1.6484375000 1.1328125000
1.6328125000 1.1484375000
1.6484375000 1.1484375000
-0.0078125000 -2.0078125000
-1.6328125000 1.1640625000
-1.9921875000 -0.1328125000
-0.8515625000 1.8203125000
0.8203125000 1.8203125000
0.8359375000 1.8203125000
1.6328125000 1.1640625000
1.0703125000 -1.6953125000
-0.8359375000 1.8203125000
-0.8203125000 1.8203125000
-1.9921875000 -0.1171875000
0.8515625000 1.8203125000
-1.9921875000 -0.1015625000
-0.4921875000 -1.9453125000
1.0703125000 -1.6796875000
1.0859375000 -1.6796875000
-0.4765625000 -1.9453125000
-1.6171875000 1.1640625000
-1.6171875000 1.1796875000
-1.9921875000 -0.0859375000
-1.6015625000 1.1796875000
-0.8046875000 1.8203125000
-0.4609375000 -1.9453125000
-0.4453125000 -1.9453125000
-1.9921875000 -0.0703125000
1.1015625000 -1.6796875000
-0.8046875000 1.8359375000
-0.7890625000 1.8359375000
-1.6015625000 1.1953125000
1.1015625000 -1.6640625000
1.1171875000 -1.6640625000
-1.9921875000 -0.0546875000
-1.6015625000 1.2109375000
-0.4296875000 -1.9609375000
-0.4140625000 -1.9609375000
-0.7734375000 1.8359375000
-0.4296875000 -1.9453125000
1.5546875000 1.2578125000
-1.9921875000 -0.0390625000
1.5390625000 1.2734375000
1.5546875000 1.2734375000
1.1171875000 -1.6484375000
-1.5859375000 1.2109375000
-0.3984375000 -1.9609375000
0.9140625000 1.7734375000
-0.3828125000 -1.9609375000
0.9296875000 1.7734375000
1.5234375000 1.2890625000
0.8828125000 1.7890625000
-1.9921875000 -0.0234375000
1.5078125000 1.3046875000
0.8984375000 1.7890625000
0.8828125000 1.8046875000
1.5234375000 1.3046875000
-0.7734375000 1.8515625000
-0.7578125000 1.8515625000
1.5390625000 1.2890625000
-1.9921875000 -0.0078125000
-1.5859375000 1.2265625000
-1.5703125000 1.2265625000
0.9140625000 1.7890625000
-0.4921875000 -1.9296875000
-1.5703125000 1.2421875000
0.9453125000 1.7578125000
0.9609375000 1.7578125000
1.1328125000 -1.6484375000
0.9453125000 1.7734375000
1.5078125000 1.3203125000
1.1484375000 -1.6484375000
-1.5546875000 1.2421875000
1.1484375000 -1.6328125000
1.1640625000 -1.6328125000
-0.7421875000 1.8515625000
-0.7421875000 1.8671875000
-0.7265625000 1.8671875000
-0.0078125000 2.0078125000
-1.5546875000 1.2578125000
-0.3515625000 -1.9765625000
-1.5546875000 1.2734375000
-1.5390625000 1.2734375000
-0.7109375000 1.8671875000
-0.6953125000 1.8671875000
1.1640625000 -1.6171875000
1.1796875000 -1.6171875000
-0.3359375000 -1.9765625000
-0.3203125000 -1.9765625000
-1.5390625000 1.2890625000
-0.3671875000 -1.9609375000
-0.3515625000 -1.9609375000
1.1796875000 -1.6015625000
-1.5234375000 1.2890625000
-1.5234375000 1.3046875000
-1.5078125000 1.3046875000
-0.6953125000 1.8828125000
1.1953125000 -1.6015625000
1.2109375000 -1.6015625000
-0.3046875000 -1.9765625000
-0.2890625000 -1.9765625000
1.3203125000 -1.4921875000
1.3359375000 -1.4921875000
1.2109375000 -1.5859375000
-1.5078125000 1.3203125000
1.3359375000 -1.4765625000
-0.2734375000 -1.9765625000
-0.2578125000 -1.9765625000
-0.6796875000 1.8828125000
-0.6640625000 1.8828125000
1.2265625000 -1.5859375000
1.3515625000 -1.4765625000
1.2265625000 -1.5703125000
1.2421875000 -1.5703125000
-0.6484375000 1.8828125000
1.3515625000 -1.4609375000
1.3671875000 -1.4609375000
-0.6484375000 1.8984375000
-0.6328125000 1.8984375000
1.3671875000 -1.4453125000
1.2421875000 -1.5546875000
-0.2421875000 -1.9921875000
-0.2265625000 -1.9921875000
-0.2421875000 -1.9765625000
-0.2109375000 -1.9921875000
-0.1953125000 -1.9921875000
1.3828125000 -1.4453125000
-0.6171875000 1.8984375000
-0.6015625000 1.8984375000
-0.1796875000 -1.9921875000
-0.1640625000 -1.9921875000
1.3828125000 -1.4296875000
1.3984375000 -1.4296875000
-0.6015625000 1.9140625000
1.2578125000 -1.5546875000
1.2734375000 -1.5546875000
-0.1484375000 -1.9921875000
-0.1328125000 -1.9921875000
1.2734375000 -1.5390625000
1.4140625000 -1.4296875000
-0.5859375000 1.9140625000
-0.5703125000 1.9140625000
1.4140625000 -1.4140625000
1.4296875000 -1.4140625000
1.2890625000 -1.5390625000
1.4296875000 -1.3984375000
1.4296875000 -1.3828125000
1.2890625000 -1.5234375000
1.3046875000 -1.5234375000
-0.5546875000 1.9140625000
-0.1171875000 -1.9921875000
1.3046875000 -1.5078125000
-0.1015625000 -1.9921875000
-0.5546875000 1.9296875000
-0.5390625000 1.9296875000
-0.0859375000 -1.9921875000
-0.0703125000 -1.9921875000
1.4453125000 -1.3828125000
-0.5234375000 1.9296875000
-0.5078125000 1.9296875000
1.3203125000 -1.5078125000
-0.0546875000 -1.9921875000
-0.0390625000 -1.9921875000
1.4453125000 -1.3671875000
1.4609375000 -1.3671875000
1.4609375000 -1.3515625000
-0.0234375000 -1.9921875000
-0.0078125000 -1.9921875000
1.4765625000 -1.3515625000
1.4765625000 -1.3359375000
1.4921875000 -1.3359375000
1.4921875000 -1.3203125000
-0.4921875000 1.9296875000
-0.4921875000 1.9453125000
-0.4765625000 1.9453125000
-0.4609375000 1.9453125000
-0.4453125000 1.9453125000
-0.4296875000 1.9453125000
-0.4296875000 1.9609375000
-0.4140625000 1.9609375000
-0.3984375000 1.9609375000
-0.3828125000 1.9609375000
-0.3671875000 1.9609375000
-0.3515625000 1.9609375000
-0.3515625000 1.9765625000
-0.3359375000 1.9765625000
-0.3203125000 1.9765625000
-0.3046875000 1.9765625000
-0.2890625000 1.9765625000
-0.2734375000 1.9765625000
-0.2578125000 1.9765625000
-0.2421875000 1.9765625000
-0.2421875000 1.9921875000
-0.2265625000 1.9921875000
-0.2109375000 1.9921875000
-0.1953125000 1.9921875000
-0.1796875000 1.9921875000
-0.1640625000 1.9921875000
-0.1484375000 1.9921875000
-0.1328125000 1.9921875000
-0.1171875000 1.9921875000
-0.1015625000 1.9921875000
-0.0859375000 1.9921875000
-0.0703125000 1.9921875000
-0.0546875000 1.9921875000
-0.0390625000 1.9921875000
-0.0234375000 1.9921875000
-0.0078125000 1.9921875000
